5.050221e-02
5.355995e-02
5.680282e-02
6.024203e-02
6.388947e-02
6.775776e-02
7.186025e-02
7.621115e-02
8.082546e-02
8.571917e-02
9.090916e-02
9.641340e-02
1.022509e-01
1.084418e-01
1.150076e-01
1.219709e-01
1.293558e-01
1.371879e-01
1.454941e-01
1.543033e-01
1.636458e-01
1.735540e-01
1.840621e-01
1.952064e-01
2.070255e-01
2.195601e-01
2.328537e-01
2.469522e-01
2.619043e-01
2.777617e-01
2.945792e-01
3.124150e-01
3.313306e-01
3.513915e-01
3.726670e-01
3.952307e-01
4.191606e-01
4.445393e-01
4.714546e-01
4.999995e-01
5.058097e-01
5.116870e-01
5.176325e-01
5.236471e-01
5.297316e-01
5.358868e-01
5.421135e-01
5.484125e-01
5.547848e-01
5.612311e-01
5.677522e-01
5.743492e-01
5.810229e-01
5.877740e-01
5.946037e-01
6.015126e-01
6.085019e-01
6.155723e-01
6.227249e-01
6.299607e-01
6.372804e-01
6.446853e-01
6.521761e-01
6.597541e-01
6.674201e-01
6.751751e-01
6.830203e-01
6.909566e-01
6.989852e-01
7.071069e-01
7.153232e-01
7.236348e-01
7.320430e-01
7.405490e-01
7.491537e-01
7.578585e-01
7.666644e-01
7.755726e-01
7.845843e-01
7.937008e-01
8.029231e-01
8.122527e-01
8.216906e-01
8.312382e-01
8.408967e-01
8.506675e-01
8.605518e-01
8.705509e-01
8.806663e-01
8.908991e-01
9.012508e-01
9.117229e-01
9.223166e-01
9.330334e-01
9.438747e-01
9.548420e-01
9.659368e-01
9.771605e-01
9.885145e-01
1.000000e+00
